C1 0.0 0.0 0.0
O2 0.0 1.085965 -0.773161
H3 0.0 1.850217 -0.183876
O4 0.0 -1.085965 -0.773161
H5 0.0 -1.850217 -0.183876
O6 0.0 0.0 1.208894
C7 -3.6807914014530105 3.4126120954630625 -6.954554620493388
O8 -4.07605178145301 2.9006463454630627 -5.788896770493388
H9 -4.65268725145301 2.1537523154630627 -5.991328880493388
O10 -2.8783226814530103 4.4520193454630625 -6.724827730493388
H11 -2.61205176145301 4.796909955463063 -7.585924810493389
O12 -3.9991414714530102 3.0002653354630624 -8.045447870493389
C13 6.546423700845866 -4.699862194957663 -4.761578118521895
O14 6.484252430845865 -4.945558974957663 -6.070343088521895
H15 6.248793150845866 -5.876078514957663 -6.1704942185218945
O16 6.870143600845866 -3.4205424849576627 -4.572780858521894
H17 6.906256710845866 -3.277825854957663 -3.619016868521894
O18 6.341948460845866 -5.507934874957662 -3.886002238521894
C19 0.859914100149112 -2.6234321639781673 3.9806889612067433
O20 0.807074970149112 -2.597782233978167 2.6489051912067434
H21 -0.033856989850888 -2.1895649439781675 2.4090510212067433
O22 2.009321490149112 -3.181394033978167 4.361003461206743
H23 2.014475100149112 -3.183895763978167 5.326044971206743
O24 0.002631600149112 -2.2072777639781673 4.7245350012067435
C25 -2.878840495138216 -0.1596623507309811 7.396093496918716
O26 -2.862877345138216 -1.398973950730981 7.886959926918717
H27 -2.855135985138216 -1.9999800507309813 7.1319303469187165
O28 -2.890038385138216 0.7096941692690188 8.406633826918716
H29 -2.901411715138216 1.5926712692690188 8.017326736918717
O30 -2.882565915138216 0.1295636192690189 6.222313636918717
C31 4.011566637978083 0.3784608097389155 2.853035147690779
O32 4.217006777978083 0.8208092197389155 4.093688257690779
H33 3.898333737978083 0.1346506497389155 4.692830857690779
O34 4.438151597978083 1.2969725597389155 1.9861675976907789
H35 4.275110077978083 0.9459157497389153 1.102134497690779
O36 3.517457807978083 -0.6854415802610845 2.560814557690779
C37 -3.1285205766598 5.199098121972778 2.377553464018307
O38 -4.4360860466598 5.120102951972778 2.6247987240183073
H39 -4.8824520766598 5.093136221972778 1.769598104018307
O40 -2.4674226866598 5.239037641972778 3.534468474018307
H41 -1.5283343866597998 5.295771661972778 3.319451404018307
O42 -2.6231207966598 5.229631311972778 1.2797996240183072
C43 -5.048993980276134 -3.4861987983622296 4.4709626124963595
O44 -4.043356920276135 -2.9554692283622295 5.16674860249636
H45 -4.257718810276135 -3.0685996983622297 6.1008730124963595
O46 -4.796613650276134 -3.3530039183622296 3.1687870424963593
H47 -5.541082830276134 -3.7459009483622294 2.6968384024963594
O48 -6.032495260276134 -4.00524610836223 4.945029932496359
C49 -2.721990595035683 7.434534245925718 -5.655434041418245
O50 -3.7732462650356826 6.621467725925719 -5.759752141418246
H51 -4.051841485035682 6.405995455925718 -4.861256551418245
O52 -2.300000875035683 7.760911285925719 -6.877113471418245
H53 -1.5417940550356828 8.347326745925718 -6.764965151418245
O54 -2.230038835035683 7.815021615925718 -4.618786791418246
C55 4.042711760212663 5.788210810735112 4.612064612510217
O56 4.804358290212663 5.128680560735113 3.739131442510217
H57 5.421853620212663 4.593974700735112 4.2530643925102165
O58 3.1698952702126633 6.544006130735112 3.945684302510217
H59 2.6371310402126635 7.005341030735112 4.604979622510217
O60 4.1296229602126635 5.7129520607351125 5.815479452510217
